  n, heap_cmp, heap_swaps, heap_time, quick_cmp, quick_swaps, quick_time, insertion_cmp, insertion_swaps, insertion_time, selection_cmp, selection_swaps, selection_time
  0,        0,          0,        18,         0,           0,          4,             0,               0,              5,             0,               0,              4
  1,        0,          1,        24,         0,           0,          4,             0,               0,              4,             0,               0,              4
  2,        1,          2,        33,         5,           1,         42,             1,               1,             23,             1,               1,             15
  3,        3,          4,        43,         8,           2,         50,             2,               1,             21,             3,               1,             33
  4,        6,          7,        80,        15,           3,         83,             4,               2,             34,             6,               2,             30
  5,       11,         11,        82,        17,           4,         90,             5,               2,             30,            10,               2,             38
  6,       15,         13,        94,        27,           4,        119,            10,               6,             57,            15,               4,             50
  7,       19,         15,       102,        32,           6,        189,            13,               8,            111,            21,               4,             89
  8,       27,         20,       205,        35,           6,        191,            20,              15,            138,            28,               5,             85
  9,       33,         21,       201,        49,           9,        220,            26,              20,            227,            36,               6,            115
 10,       37,         24,       188,        52,          11,        328,            34,              27,            224,            45,               7,            233
 11,       46,         29,       358,        62,          13,        295,            40,              32,            266,            55,               8,            221
 12,       51,         34,       320,        69,          13,        332,            44,              35,            234,            66,               9,            168
 13,       56,         36,       243,        78,          14,        334,            55,              45,            337,            78,               9,            191
 14,       61,         39,       291,        89,          16,        389,            59,              48,            340,            91,              10,            197
 15,       68,         44,       291,        95,          18,        379,            67,              55,            602,           105,              11,            346
 16,       80,         54,       590,        97,          19,        585,            70,              57,            622,           120,              13,            388
 17,       90,         56,       574,       103,          20,        597,            83,              69,            695,           136,              11,            439
 18,       99,         62,       633,       121,          22,        420,            92,              77,            378,           153,              11,            294
 19,      106,         66,       454,       131,          22,        507,            95,              79,            523,           171,              11,            522
 20,      116,         73,       766,       135,          24,        345,           114,              98,            367,           190,              16,            224
 21,      124,         75,       290,       140,          25,        303,           133,             116,            431,           210,              16,            245
 22,      127,         77,       312,       161,          28,        768,           154,             136,            761,           231,              18,            645
 23,      137,         82,       516,       168,          27,        898,           168,             149,           1507,           253,              21,            373
 24,      145,         89,       396,       173,          32,        435,           182,             162,            603,           276,              22,            322
 25,      154,         94,       353,       194,          35,        505,           198,             177,            642,           300,              21,            877
 26,      164,        102,       591,       199,          34,        411,           211,             189,            794,           325,              23,            356
 27,      170,        103,       382,       206,          39,        422,           235,             212,            922,           351,              24,            424
 28,      179,        108,       404,       226,          37,        605,           241,             217,            779,           378,              23,            610
 29,      186,        110,       629,       225,          43,        657,           248,             223,           1216,           406,              25,           1171
 30,      194,        116,       516,       232,          45,        484,           255,             229,            875,           435,              27,            506
 31,      202,        122,      1081,       244,          46,        841,           268,             241,           1020,           465,              27,            538
 32,      217,        131,       492,       249,          44,        722,           280,             252,           1345,           496,              26,           1508
 33,      226,        137,       632,       262,          48,        619,           293,             264,           1018,           528,              26,            805
 34,      242,        144,       562,       313,          46,        744,           321,             291,           1651,           561,              31,           1667
 35,      253,        149,      1440,       289,          48,        579,           329,             298,           1866,           595,              32,           1154
 36,      260,        154,       970,       299,          51,        880,           357,             325,           1286,           630,              31,            859
 37,      268,        158,       644,       313,          48,        627,           386,             353,           1455,           666,              31,            873
 38,      275,        160,       805,       322,          52,        639,           415,             381,           1765,           703,              33,           1312
 39,      288,        169,      1091,       329,          54,       1277,           419,             384,           2667,           741,              34,           1505
 40,      301,        174,      1208,       380,          54,       1318,           458,             423,           2047,           780,              37,            806
 41,      310,        179,       700,       348,          58,        826,           486,             450,           2464,           820,              40,           1862
 42,      320,        184,      1282,       371,          63,       1414,           508,             471,           2737,           861,              37,           1446
 43,      335,        195,       764,       372,          61,        996,           538,             500,           1910,           903,              36,           1603
 44,      347,        204,      2241,       382,          65,       1068,           544,             505,           2165,           946,              39,           1665
 45,      357,        213,      1425,       397,          69,       1282,           558,             518,           2482,           990,              42,           1357
 46,      365,        214,      1528,       407,          68,       2438,           580,             539,           1924,          1035,              43,           1391
 47,      375,        219,       886,       400,          70,        941,           610,             568,           3947,          1081,              44,           1165
 48,      389,        229,      1641,       426,          69,       1637,           635,             592,           4141,          1128,              40,           1875
 49,      400,        234,      1706,       454,          72,       1512,           677,             633,           2440,          1176,              41,           1238
 50,      409,        242,      1009,       470,          73,       1446,           716,             671,           2857,          1225,              47,           2408
 51,      417,        245,      1643,       520,          76,       1845,           726,             680,           4204,          1275,              48,           2499
 52,      432,        255,      1712,       532,          77,       1914,           729,             682,           4518,          1326,              50,           2574
 53,      443,        265,      1767,       536,          79,       1448,           748,             700,           3735,          1378,              52,           2119
 54,      454,        268,      1432,       516,          79,       1558,           800,             751,           3526,          1431,              47,           1587
 55,      462,        273,       991,       531,          82,       1240,           848,             798,           4510,          1485,              48,           2101
 56,      472,        278,      1772,       539,          87,       1047,           884,             833,           4890,          1540,              53,           2659
 57,      479,        277,      1082,       577,          87,       1108,           908,             856,           3313,          1596,              52,           3730
 58,      497,        291,      1392,       538,          88,       1030,           949,             896,           3362,          1653,              54,           1739
 59,      514,        296,      1334,       557,          91,       1534,          1007,             953,           3590,          1711,              57,           2458
 60,      521,        306,      2826,       594,          94,       3350,          1018,             963,           5438,          1770,              57,           2094
 61,      534,        310,      1137,       576,          94,       1110,          1067,            1011,           4906,          1830,              55,           1969
 62,      543,        314,      1248,       642,          99,       1242,          1098,            1041,           3945,          1891,              55,           2114
 63,      553,        320,      1250,       643,          96,       1186,          1105,            1047,           5553,          1953,              57,           2016
 64,      559,        323,      1323,       610,          99,       1374,          1129,            1070,           4777,          2016,              58,           2221
 65,      578,        332,      1474,       639,         103,       1988,          1139,            1079,           6265,          2080,              61,           4903
 66,      588,        336,      1365,       639,         104,       1263,          1190,            1129,           4122,          2145,              63,           2615
 67,      594,        343,      2704,       670,         108,       1440,          1252,            1190,           4723,          2211,              64,           2319
 68,      617,        358,      1419,       676,         114,       1342,          1318,            1255,           5722,          2278,              61,           2666
 69,      628,        361,      1399,       688,         113,       1417,          1382,            1318,           5159,          2346,              60,           2673
 70,      638,        364,      1375,       701,         114,       1311,          1448,            1383,           5382,          2415,              65,           2917
 71,      653,        371,      2362,       735,         116,       2216,          1502,            1436,           5291,          2485,              68,           2747
 72,      669,        379,      1583,       746,         122,       1472,          1503,            1436,           6982,          2556,              68,           2676
 73,      675,        382,      1442,       728,         125,       2142,          1571,            1503,           5537,          2628,              67,           3387
 74,      682,        390,      2823,       727,         122,       1906,          1616,            1547,          16568,          2701,              71,           4172
 75,      702,        403,      1571,       754,         117,       2625,          1682,            1612,           5563,          2775,              70,           6257
 76,      707,        408,      4625,       780,         126,       4599,          1706,            1635,           9377,          2850,              73,           5421
 77,      725,        415,      2747,       809,         123,       2889,          1710,            1638,           7112,          2926,              74,           6372
 78,      732,        420,      4904,       878,         128,       1799,          1746,            1673,          12067,          3003,              73,           3431
 79,      753,        427,      1628,       865,         130,       1723,          1814,            1740,           9193,          3081,              74,           4168
 80,      760,        435,      1950,       871,         137,       4807,          1819,            1744,          12574,          3160,              74,           4128
 81,      777,        440,      3723,       857,         139,       2549,          1859,            1783,          11130,          3240,              79,           4611
 82,      791,        452,      2268,       922,         132,       5314,          1882,            1805,          14807,          3321,              79,           6643
 83,      798,        450,      1724,       845,         139,       2203,          1933,            1855,           7255,          3403,              79,           3723
 84,      809,        462,      2074,       910,         141,       1956,          1938,            1859,           7404,          3486,              79,           3522
 85,      827,        474,      2042,       933,         140,       1744,          1983,            1903,           7603,          3570,              79,           3672
 86,      835,        472,      1867,       940,         147,       2700,          2010,            1929,           8615,          3655,              81,           3750
 87,      858,        486,      1827,       945,         151,       1762,          2055,            1973,           7927,          3741,              83,           4026
 88,      862,        494,      2200,       983,         148,       2119,          2094,            2011,           7849,          3828,              85,           5225
 89,      877,        497,      1945,       981,         160,       1888,          2130,            2046,           7838,          3916,              84,           7496
 90,      892,        509,      2334,       993,         153,       2184,          2185,            2100,           7922,          4005,              87,           5517
 91,      906,        513,      2377,      1010,         157,       2243,          2198,            2112,           9287,          4095,              85,           6847
 92,      919,        522,      1988,      1020,         159,       2198,          2212,            2125,           8535,          4186,              88,           5902
 93,      925,        524,      2114,      1001,         163,       2189,          2255,            2167,           8757,          4278,              88,           5931
 94,      942,        531,      2069,      1004,         165,       2496,          2295,            2206,           8885,          4371,              89,           5904
 95,      958,        540,      2141,      1088,         160,       2211,          2303,            2213,           8254,          4465,              92,          10576
 96,      969,        547,      6416,      1059,         169,       4675,          2379,            2288,           8886,          4560,              93,           4708
 97,      985,        558,      5986,      1043,         168,       5979,          2421,            2329,          16650,          4656,              92,           5360
 98,      997,        565,      2163,      1085,         167,       3265,          2517,            2424,          14387,          4753,              90,           8064
 99,     1011,        571,      2905,      1068,         165,       6213,          2602,            2508,          19544,          4851,              94,           4660
100,     1019,        578,      3643,      1081,         174,       3068,          2664,            2569,          13587,          4950,              97,           7979
